1.158244 1.198307
1.143387 0.956005
1.170974 0.940006
0.840916 0.815372
1.044947 1.188687
1.193375 0.875500
1.066127 1.021055
0.933931 1.092696
0.860003 1.096937
1.079103 1.083796
1.128824 0.973815
1.145931 0.962630
1.123358 0.992433
0.892774 0.965322
0.992531 1.179188
0.850671 1.130428
0.934995 1.097414
1.001405 1.106151
0.848551 0.834365
1.005765 0.811297
1.032062 1.024195
1.017124 0.960093
0.986159 1.178739
0.954320 0.800939
1.154882 0.846628
0.869899 0.885041
1.103120 0.910552
1.012258 1.156567
1.144025 0.861065
0.804135 0.999681
1.096671 1.113170
1.162378 1.038214
1.075010 1.166211
0.977825 0.805304
1.023008 0.846703
1.016772 0.889014
0.814251 0.949921
1.155674 0.872412
0.932188 0.873579
1.055685 1.121471
1.179456 1.080901
1.166994 0.889932
0.912270 1.146057
0.932788 0.852130
0.959290 1.176878
1.143430 0.801490
0.815964 1.056234
1.047978 0.888752
0.962973 1.107121
1.051364 1.130033
0.889250 0.933646
0.869009 1.153672
1.149807 1.126409
1.193597 1.079288
1.178683 1.127401
0.952770 1.175055
0.990152 0.802417
0.989811 1.119731
0.806010 1.145602
0.965180 0.928319
1.146813 0.977739
0.890496 1.115589
1.083616 0.832131
1.099244 0.869180
1.193093 1.047714
0.835924 0.858736
0.912648 1.119549
0.832129 0.992139
0.977101 0.983372
0.844092 0.816546
1.159069 1.194808
0.856431 0.882347
0.871945 1.161159
1.006242 1.055570
0.909285 0.875025
0.876035 0.936364
0.991752 0.909976
1.091618 1.035481
1.090304 1.021070
0.923115 1.064287
0.913923 1.119161
0.974371 1.067176
1.187701 0.955359
1.178509 1.167273
0.822682 0.800080
0.847563 0.867057
1.015924 1.144974
1.196066 0.957359
0.975668 0.836175
1.106639 1.199987
1.139228 1.037936
0.892166 1.039699
0.999734 1.116262
0.999131 0.873950
0.846747 1.115237
1.164964 1.174037
0.808141 1.117426
1.029731 0.997287
0.866285 0.805896
0.922559 0.904768
0.933859 1.002893
1.109059 0.914676
1.167208 0.897246
0.905791 0.846901
0.802230 0.823211
1.046817 1.037338
1.080609 0.985246
1.041606 0.929337
1.029087 1.078430
1.018622 1.013784
1.185805 1.180634
0.907549 1.071535
1.085914 0.839028
0.805047 1.075175
1.056686 1.107041
1.016826 1.167676
1.061402 0.987774
1.130629 0.834954
1.027776 0.911654
0.818408 1.012875
1.145539 0.930601
0.800482 1.100354
0.908236 0.806339
1.105270 1.079964
1.065227 0.883078
1.098840 1.154176
0.842460 1.183284
0.864403 0.883013
1.082629 1.003126
0.906523 0.972801
1.052687 0.801327
0.949964 0.882296
0.898383 1.087741
1.096516 1.001523
1.106230 0.801139
1.027562 1.048648
0.824180 0.821206
1.098429 0.845005
1.117343 0.939959
0.833005 0.991355
0.950392 0.948506
0.857682 1.088578
0.918619 0.885973
1.034726 1.086749
0.955114 0.834953
0.984351 1.177804
1.085773 1.052490
1.089721 1.165791
0.829752 1.175127
1.022861 0.992394
0.194425 0.006090
0.077353 0.376288
0.395597 0.125466
0.357018 0.076521
0.155834 0.102764
0.492579 0.400648
0.038711 0.325070
0.427923 0.170367
0.281245 0.332214
0.058961 0.337883
0.470549 0.312268
0.170486 0.409865
0.323208 0.082388
0.364505 0.281702
0.392835 0.363869
0.004812 0.369735
0.052519 0.401935
0.215865 0.314460
0.323999 0.055891
0.244922 0.026525
0.260467 0.301581
0.485884 0.068618
0.418102 0.374939
0.322084 0.124205
0.206255 0.382887
0.376039 0.081090
0.055314 0.479080
0.277635 0.470265
0.315542 0.365024
0.461460 0.269918
0.095917 0.434443
0.065556 0.349907
0.433787 0.471152
0.028189 0.139052
0.493400 0.034462
0.268928 0.159135
0.304042 0.100578
0.463993 0.464349
0.116380 0.350118
0.295241 0.189701
0.039819 0.418043
0.386877 0.210542
0.192346 0.126954
0.270139 0.403680
0.062810 0.480508
0.167629 0.489966
0.277364 0.138205
0.393620 0.319411
0.157516 0.266761
0.345350 0.371180
0.005653 0.451256
0.427099 0.139711
0.434851 0.115702
0.256910 0.027814
0.041532 0.034751
0.060769 0.260216
0.367080 0.271606
0.159080 0.175901
0.198682 0.061653
0.370276 0.345447
0.440827 0.197112
0.196225 0.325489
0.198151 0.126087
0.462819 0.450009
0.258452 0.266818
0.046038 0.443152
0.141480 0.112496
0.182446 0.119400
0.062966 0.037427
0.334893 0.275826
0.471071 0.129156
0.041659 0.494715
0.226863 0.235510
0.367786 0.472517
0.347198 0.417138
0.290786 0.091360
0.418284 0.284564
0.122282 0.067031
0.320357 0.390532
0.369885 0.210822
0.396238 0.064570
0.186905 0.131371
0.173699 0.083283
0.383903 0.217403
0.103743 0.385305
0.070557 0.058106
0.394284 0.116070
0.021808 0.062998
0.263040 0.356499
0.011565 0.223374
0.328955 0.355238
0.127780 0.279744
0.388994 0.487215
0.009513 0.419144
0.413779 0.201136
0.348089 0.037293
0.192832 0.057206
0.424154 0.410025
0.225180 0.138924
0.228068 0.234400
0.183123 0.234673
0.272507 0.432478
0.053317 0.275180
0.095825 0.389818
0.394164 0.309510
0.010782 0.147031
0.182440 0.342807
0.333886 0.135109
0.331291 0.277504
0.282660 0.184068
0.191513 0.224715
0.049740 0.239056
0.336503 0.438290
0.045539 0.135573
0.276717 0.445771
0.251450 0.193279
0.395148 0.128927
0.096492 0.420571
0.117713 0.233806
0.199673 0.437256
0.335841 0.245275
0.203457 0.075605
0.204146 0.282161
0.086103 0.403593
0.128829 0.166164
0.435357 0.136675
0.463904 0.179711
0.259596 0.100588
0.196352 0.191243
0.495762 0.431475
0.080144 0.082912
0.032445 0.245015
0.369059 0.039888
0.473118 0.318822
0.042025 0.115745
0.080714 0.230483
0.487775 0.464934
0.315744 0.156214
0.397198 0.433185
0.004943 0.125034
0.384956 0.274215
0.263616 0.065917
0.035099 0.375519
0.468126 0.019613
0.110796 0.238488
0.206535 0.422500
0.379000 0.285889
0.084974 0.089252
0.007128 0.157852
0.095692 0.441914
0.391329 1.546733
0.294356 1.621730
0.382492 1.831272
0.299516 1.663670
0.312343 1.753233
0.250897 1.708639
0.201532 1.811612
0.320797 1.792068
0.054477 1.909820
0.469314 1.654743
0.400523 1.873669
0.248757 1.951043
0.452260 1.904193
0.333825 1.688666
0.187535 1.747956
0.068312 1.865657
0.010459 1.711884
0.141095 1.806220
0.323892 1.997125
0.384186 1.696932
0.010820 1.745156
0.417151 1.829617
0.202091 1.561248
0.114700 1.754071
0.244593 1.887785
0.050235 1.527939
0.163125 1.732719
0.419217 1.830480
0.268826 1.779720
0.233256 1.649039
0.041870 1.828133
0.426217 1.597660
0.066297 1.782532
0.387805 1.764459
0.210874 1.610489
0.064528 1.689112
0.328945 1.727934
0.457886 1.705859
0.198091 1.705816
0.226970 1.774724
0.215215 1.986125
0.125266 1.726004
0.352190 1.686686
0.173444 1.633400
0.027027 1.657424
0.174067 1.510614
0.278018 1.606811
0.262275 1.895338
0.296587 1.627438
0.127950 1.982775
0.270301 1.568425
0.377758 1.749755
0.327053 1.955685
0.025038 1.794009
0.286458 1.649227
0.479517 1.772151
0.183837 1.963067
0.478266 1.515013
0.403966 1.917825
0.204329 1.605476
0.475538 1.584462
0.316801 1.798298
0.023362 1.624759
0.444963 1.555798
0.289205 1.933477
0.285019 1.724405
0.250986 1.770293
0.151044 1.678271
0.441014 1.718603
0.156703 1.524713
0.116840 1.643904
0.125479 1.791934
0.287321 1.949400
0.136753 1.970644
0.056508 1.833579
0.459432 1.601496
0.174823 1.586758
0.174700 1.764387
0.373525 1.984038
0.157670 1.749203
0.056614 1.778301
0.495487 1.710969
0.313631 1.846726
0.387565 1.566557
0.308977 1.943144
0.472894 1.712693
0.428599 1.656259
0.193765 1.800859
0.432579 1.612771
0.359001 1.865730
0.321036 1.889246
0.006208 1.730367
0.192249 1.565739
0.342791 1.757920
0.432528 1.946498
0.077128 1.532327
0.079395 1.940427
0.317152 1.608174
0.133102 1.792708
0.405837 1.555716
0.032355 1.563881
0.192380 1.834306
0.200649 1.548347
0.259887 1.763816
0.174187 1.504036
0.377151 1.658683
0.058814 1.968080
0.303902 1.706244
0.104619 1.512667
0.078834 1.936864
0.135152 1.930836
0.327835 1.721715
0.484712 1.737181
0.446940 1.741853
0.076381 1.830789
0.030661 1.853155
0.480260 1.586453
0.426880 1.853303
0.128816 1.640091
0.499483 1.799870
0.053539 1.955311
0.159437 1.865434
0.370051 1.510785
0.231028 1.747668
0.319466 1.897801
0.308627 1.640238
0.132958 1.766543
0.124170 1.595151
0.169765 1.908649
0.318240 1.521201
0.498718 1.691300
0.342255 1.559821
0.176407 1.512154
0.001891 1.900833
0.090911 1.694584
0.260722 1.718671
0.301590 1.761973
0.298637 1.677143
0.123154 1.666945
0.142081 1.829741
0.190178 1.685379
0.309489 1.647577
0.383588 1.742788
0.050806 1.508787
0.477701 1.626580
0.270543 1.617588
0.262209 1.693930
0.232106 1.942650
0.494735 1.682700
0.376447 1.691041
1.504278 0.049686
1.705195 0.105502
1.834566 0.289036
1.952376 0.335520
1.812310 0.401245
1.873414 0.279783
1.822399 0.367838
1.821678 0.072985
1.932381 0.194670
1.961896 0.153411
1.579140 0.172515
1.558153 0.331480
1.860154 0.222086
1.570603 0.389766
1.642748 0.439312
1.689585 0.056465
1.731427 0.406375
1.609835 0.319053
1.961529 0.071109
1.652267 0.440324
1.666393 0.426739
1.924949 0.388527
1.745004 0.073866
1.754459 0.218353
1.507440 0.183975
1.774434 0.145072
1.649664 0.037299
1.610330 0.331521
1.608890 0.228229
1.767776 0.228758
1.612481 0.304662
1.627689 0.489610
1.875638 0.239478
1.876729 0.358192
1.829781 0.362143
1.977345 0.061737
1.953926 0.298490
1.707477 0.371158
1.784217 0.095981
1.614821 0.329080
1.894587 0.250451
1.613576 0.095897
1.622269 0.479078
1.652768 0.018086
1.933057 0.290843
1.628367 0.396675
1.732431 0.245678
1.988142 0.379612
1.778807 0.190991
1.614725 0.222327
1.694002 0.182825
1.752889 0.442536
1.991166 0.096336
1.641474 0.156698
1.629528 0.368112
1.858315 0.091554
1.640415 0.373749
1.671718 0.167010
1.826685 0.348090
1.709616 0.003833
1.742250 0.215588
1.509480 0.158114
1.663149 0.045099
1.932205 0.115526
1.961499 0.069750
1.809528 0.355821
1.875290 0.019433
1.728310 0.253939
1.977788 0.359669
1.789878 0.029044
1.679053 0.491423
1.562544 0.035860
1.750121 0.263491
1.932085 0.164836
1.930016 0.474238
1.607486 0.085865
1.601240 0.188822
1.861763 0.353406
1.647505 0.483035
1.657099 0.261075
1.542484 0.054810
1.513530 0.397485
1.922859 0.449281
1.651249 0.213390
1.672744 0.320006
1.924079 0.079536
1.638999 0.416258
1.781284 0.296123
1.719612 0.271206
1.606453 0.154171
1.879886 0.195994
1.567035 0.140191
1.515182 0.070378
1.691453 0.132856
1.561482 0.232399
1.792411 0.467828
1.924080 0.144665
1.849981 0.241614
1.922850 0.332802
1.774474 0.139773
1.799059 0.000535
1.740814 0.255841
1.992079 0.208327
1.820853 0.110003
1.587976 0.401323
1.572569 0.052801
1.575051 0.149363
1.845130 0.053602
1.674944 0.380833
1.657816 0.413468
1.590475 0.153351
1.532910 0.139918
1.917742 0.415618
1.950611 0.315684
1.819866 0.219506
1.647705 0.154742
1.959491 0.044257
1.826873 0.118971
1.505592 0.427857
1.705433 0.397039
1.529761 0.187403
1.615155 0.378435
1.952477 0.001263
1.699229 0.134478
1.922419 0.326611
1.742551 0.346228
1.611903 0.276281
1.588973 0.438318
1.813741 0.318944
1.879463 0.014709
1.688497 0.237297
1.727168 0.466895
1.808831 0.257972
1.625406 0.312250
1.525562 0.027179
1.927714 0.245506
1.730929 0.477396
1.868507 0.247219
1.721247 0.415280
1.519518 0.440151
1.800455 0.128054
1.557459 0.270612
1.712968 0.327341
1.992872 0.206634
1.847200 0.195997
1.760588 0.496995
1.528930 0.047267
1.692129 0.168948
1.569968 0.066688
1.644586 0.449603
1.675655 1.727722
1.528564 1.696713
1.714316 1.827119
1.848289 1.501164
1.865786 1.755886
1.692839 1.534760
1.771596 1.965909
1.590408 1.737293
1.641760 1.995901
1.782505 1.955990
1.529965 1.828237
1.976043 1.828911
1.554892 1.618978
1.692042 1.510853
1.705191 1.857648
1.679272 1.720036
1.632951 1.946306
1.993327 1.815224
1.737566 1.943951
1.605135 1.887188
1.570076 1.970876
1.668363 1.801237
1.558863 1.838113
1.995423 1.718297
1.616315 1.701368
1.925598 1.816911
1.890328 1.509287
1.504522 1.858168
1.983682 1.672504
1.507017 1.815892
1.750805 1.852274
1.621323 1.897193
1.676395 1.965687
1.894716 1.530011
1.707745 1.705024
1.788651 1.681022
1.504859 1.581808
1.947284 1.963763
1.553025 1.555694
1.785448 1.970418
1.884632 1.587414
1.573971 1.556406
1.797370 1.867386
1.648474 1.886933
1.653135 1.951950
1.574093 1.561806
1.690519 1.915694
1.848988 1.536506
1.815538 1.837216
1.555713 1.710222
1.722337 1.723774
1.965088 1.606115
1.983259 1.503240
1.502208 1.998611
1.822364 1.855546
1.609424 1.616931
1.984730 1.704090
1.785432 1.849002
1.685087 1.729638
1.535643 1.615923
1.627902 1.908282
1.989251 1.511453
1.503690 1.805569
1.794298 1.837302
1.937868 1.964306
1.781333 1.680461
1.885834 1.987447
1.610608 1.802734
1.830963 1.707878
1.673686 1.902235
1.983683 1.823789
1.998278 1.865092
1.798139 1.795702
1.940972 1.898123
1.940026 1.845090
1.563140 1.893773
1.603571 1.516639
1.666639 1.623543
1.973770 1.974614
1.671874 1.866276
1.719614 1.736182
1.996786 1.665936
1.951867 1.581750
1.893868 1.906594
1.519915 1.918337
1.543771 1.588105
1.986499 1.686624
1.567091 1.549791
1.698984 1.964973
1.921021 1.749452
1.766263 1.781741
1.702183 1.505148
1.665572 1.934052
1.515093 1.666166
1.942848 1.681152
1.611200 1.850065
1.979207 1.933266
1.911271 1.965438
1.586416 1.994870
1.947945 1.530006
1.756111 1.637018
1.827680 1.780806
1.947450 1.865328
1.599972 1.859228
1.682852 1.697972
1.762163 1.906081
1.945386 1.789648
1.951219 1.789341
1.882472 1.829629
1.659946 1.758043
1.602557 1.726321
1.532855 1.847170
1.858895 1.690736
1.713146 1.724124
1.869154 1.641576
1.540659 1.864176
1.751890 1.635437
1.979150 1.803549
1.797685 1.839491
1.611126 1.605665
1.898703 1.952442
1.880482 1.556530
1.885598 1.730412
1.777266 1.922046
1.702531 1.880685
1.780714 1.889569
1.950936 1.531483
1.875721 1.876925
1.668414 1.521595
1.967579 1.625830
1.973177 1.971370
1.791147 1.930353
1.905644 1.847170
1.568468 1.690846
1.860248 1.912223
1.626509 1.820993
1.961757 1.677546
1.628556 1.619476
1.891297 1.975038
1.545790 1.649878
1.763138 1.664422
1.933029 1.815993
1.701705 1.913677
1.795650 1.780586
1.922672 1.951249
1.643478 1.666093
1.698779 1.580771
1.837023 1.953744
1.955491 1.825435
1.736566 1.954251
0.963827 0.349837
1.040238 0.139206
1.122189 0.007519
0.909878 0.398085
1.091928 0.354208
0.839562 0.351761
0.940979 0.017962
1.045117 0.384538
0.961986 0.345821
0.894317 0.254257
0.868908 0.350394
1.019483 0.286383
0.809265 0.281779
0.930158 0.066930
0.824547 0.033468
0.803187 0.293736
0.830383 0.257126
0.993632 0.211257
1.069205 0.292784
0.817721 0.100915
1.149109 0.254064
0.819261 0.200144
1.001705 0.125701
0.817705 0.090941
1.112401 0.382379
1.155377 0.024362
0.835428 0.111273
1.044614 0.065129
0.992304 0.057443
0.809966 0.238510
1.139386 0.210772
1.026777 0.146387
1.032028 0.366636
0.915562 0.369175
1.072935 0.354582
1.061460 0.345081
1.159760 0.079253
0.865573 0.235895
1.174606 0.368483
0.851982 0.364907
1.037681 0.023873
0.981363 0.314913
0.970330 0.079640
0.826536 0.144015
0.879562 0.238930
1.060428 0.126330
0.876000 0.224536
1.141094 0.337846
1.041837 0.105646
0.961795 0.021383
0.866383 0.340808
1.075134 0.048112
1.097162 0.000447
0.967819 0.243688
1.188447 0.067081
0.920331 0.131882
1.198857 0.100125
1.184389 0.102244
0.986564 0.125163
1.109805 0.065110
1.017498 0.089395
0.809681 0.311860
0.993490 0.250549
0.816378 0.327111
1.071304 0.386600
0.906183 0.268018
1.129100 0.121455
1.081366 0.366628
0.988549 0.209115
1.150056 0.215326
1.140822 0.198580
0.937821 0.017247
1.158219 0.221102
0.972535 0.196915
0.832972 0.209223
0.800666 1.736913
0.810354 1.758678
1.157261 1.705759
1.183509 1.818447
0.815933 1.693067
1.083990 1.843689
0.827646 1.806964
1.066480 1.709045
0.955473 1.963004
0.816199 1.679957
1.113884 1.896643
1.183430 1.925888
1.080327 1.600339
0.880650 1.897223
1.155890 1.791177
1.020389 1.971309
1.195276 1.985420
0.941830 1.641471
1.155055 1.864884
1.188269 1.959605
1.175856 1.740102
1.062737 1.835209
1.087341 1.675470
0.863655 1.721045
0.926852 1.709780
1.095031 1.775308
1.106552 1.970808
0.957582 1.621091
1.020168 1.822567
1.043267 1.630799
0.876266 1.682564
1.051194 1.775645
0.849956 1.974767
1.166283 1.966534
1.026571 1.881854
0.857128 1.638128
1.147429 1.964526
1.016321 1.687002
1.155961 1.972957
0.824221 1.761059
0.929211 1.908257
0.833158 1.939030
1.029643 1.688811
0.919887 1.642679
0.801530 1.622367
0.988082 1.749696
0.824955 1.705681
0.999080 1.733752
0.859667 1.726653
1.045503 1.605161
1.082779 1.998614
0.920913 1.969894
1.039120 1.884359
0.914084 1.955404
1.007923 1.926042
0.845494 1.609316
1.111654 1.965775
1.188030 1.662594
0.876384 1.620416
0.952833 1.746128
1.033864 1.636317
0.969778 1.864151
0.999638 1.860687
0.960949 1.864360
1.003924 1.894621
1.180001 1.786734
0.951984 1.816560
1.083985 1.756594
1.170082 1.685481
0.886981 1.807953
0.962311 1.864691
0.916130 1.663206
0.915701 1.697243
0.843180 1.817735
1.079375 1.753302
0.404743 0.978250
0.468626 0.859162
0.647087 0.946052
0.516808 1.134156
0.693435 1.092056
0.350154 0.989174
0.662610 1.027740
0.554996 1.111890
0.304853 1.155976
0.453509 1.034982
0.363669 1.184728
0.472214 0.868785
0.321083 1.061432
0.376065 1.068586
0.627719 0.973139
0.620572 0.853880
0.633692 0.893019
0.519454 1.190930
0.332505 1.175446
0.442665 1.021923
0.626220 1.067597
0.506761 0.851513
0.600241 0.843868
0.689004 0.921633
0.512596 0.909296
0.509473 0.899072
0.535397 1.034020
0.498511 1.074415
0.376008 0.910808
0.633169 1.138798
0.451444 0.883180
0.425465 1.047374
0.564333 0.881614
0.377250 0.941738
0.519666 1.138895
0.323401 1.102911
0.693932 1.182156
0.664817 0.841330
0.512131 0.928083
0.445265 0.971706
0.609134 1.146274
0.338091 0.962751
0.476437 1.027216
0.376460 1.092095
0.472175 1.045741
0.470288 0.947701
0.659018 1.136277
0.698941 0.932189
0.573420 1.052765
0.599994 0.968793
0.559667 0.950495
0.315805 1.158613
0.437791 1.173671
0.589633 0.859236
0.445646 0.960619
0.594007 1.136664
0.517918 1.142588
0.497469 1.195713
0.601684 0.845759
0.614646 0.960318
0.660188 1.061317
0.388424 0.948736
0.620624 0.838868
0.551417 0.859583
0.332385 1.174910
0.527609 0.818885
0.637522 0.919428
0.413530 1.177941
0.478409 0.891546
0.553414 0.864140
0.652962 0.904685
0.622144 0.978654
0.362946 0.922379
0.547676 1.067273
0.559370 0.879272
1.489297 0.994402
1.327739 0.973166
1.589807 1.147297
1.561492 0.992342
1.656489 0.837911
1.578195 0.921580
1.358439 1.154872
1.419794 0.800237
1.428229 0.863032
1.564415 0.861084
1.553794 0.888345
1.475180 1.010125
1.400584 1.122484
1.605477 0.992599
1.391575 1.009367
1.671867 1.096940
1.370632 1.035453
1.354542 0.988011
1.675206 1.062966
1.500160 0.928029
1.670652 1.159028
1.529095 0.869202
1.471061 1.101707
1.409448 1.105281
1.667054 1.139326
1.619569 1.153238
1.433409 0.998344
1.604153 1.191514
1.663035 0.834532
1.498425 1.182031
1.567324 1.159490
1.614629 1.068060
1.337079 0.971237
1.564058 0.808810
1.358617 0.815976
1.658371 1.006478
1.536634 0.988756
1.562317 1.048870
1.476328 1.121166
1.365415 0.940368
1.533141 0.895039
1.378631 1.016010
1.488615 1.006977
1.379035 0.820557
1.653934 1.077896
1.428766 0.936153
1.688967 0.872012
1.607910 1.058679
1.648684 0.918600
1.522641 0.865335
1.609584 0.912402
1.378951 1.001815
1.424370 1.114008
1.421108 0.908556
1.368249 1.130831
1.410667 1.187558
1.409493 1.097042
1.581968 0.890194
1.463870 0.894243
1.374339 1.076098
1.462018 1.003891
1.331038 0.959517
1.630927 0.856825
1.688940 0.848294
1.302846 0.986214
1.376193 0.896279
1.687637 1.163192
1.469205 1.199242
1.647643 0.865506
1.343428 1.151276
1.508771 1.114873
1.465923 1.100189
1.509197 0.910351
1.329784 0.935865
1.694306 1.035088
1.666013 0.986687
0.680670 1.424825
1.571138 0.614723
0.282102 1.916407
1.703835 1.363716
0.573258 0.324270
1.147209 0.180487
1.328405 0.493443
0.028607 1.699018
1.978145 0.649915
0.697975 0.288569
0.469171 1.857294
0.224465 1.648570
0.441384 1.337096
1.124044 1.477451
1.985952 1.712174
1.102886 1.408011
0.750550 0.750060
1.404208 1.337601
1.876751 0.538162
1.994320 0.066490
0.750758 1.463027
0.978477 0.058266
0.415354 1.569630
1.476972 1.156961
1.641136 1.734850
1.487038 1.634199
0.186078 1.752462
0.725652 0.659069
1.257888 0.559437
0.016837 0.083946
1.554351 1.812960
1.025720 1.844922
0.873934 1.691635
1.714803 0.500985
1.995760 0.660111
0.677146 1.876146
0.598348 1.443698
1.565974 1.996256
1.593758 1.246963
0.692446 1.056095
1.982573 1.343066
1.525736 1.349501
1.537476 0.175753
0.097931 0.415235
1.803359 0.424879
1.199794 1.933619
0.026662 0.839930
1.938329 0.905258
0.825990 1.637084
1.420596 1.867393
1.563779 0.347227
0.622656 0.496586
0.704057 0.899567
1.593742 0.267714
0.698286 0.752877
0.322937 0.603902
1.741865 1.552957
1.228677 0.916385
1.271303 1.232667
1.836994 1.218796
0.907582 1.879305
1.597824 1.687720
1.191380 0.536527
0.183458 1.355862
0.521009 0.749898
1.442302 1.472864
0.243455 1.648718
1.707358 1.129883
1.341274 0.286647
0.922435 0.728908
0.138558 0.211713
1.487301 0.626181
0.127259 0.207028
0.605320 0.216494
1.049227 0.248972
0.152343 0.722006
0.469278 0.518022
0.223379 0.276043
1.624622 1.927803
0.108224 0.787105
1.168938 1.770804
0.887375 1.225142
0.811344 0.275255
0.726979 0.685470
0.561224 1.167666
0.241857 0.375211
1.581210 0.748040
1.391501 1.090185
1.440787 1.732325
1.802099 0.393761
1.911850 1.739870
1.283565 1.352596
0.296184 1.287339
0.712727 1.296668
1.971150 1.002234
0.287232 1.567129
0.356808 1.124514
0.741805 1.190863
1.944862 0.195326
0.781871 1.763782
1.079190 1.483980
1.080422 1.027415
1.628952 0.418230
1.911428 1.927936
1.956823 0.557581
1.494934 1.744671
1.793604 1.161171
0.514055 1.920878
1.706216 0.999391
1.471227 1.362985
0.200506 1.379336
0.394680 1.527608
0.418341 0.907491
1.760682 0.342683
0.365412 1.422850
0.089166 0.333140
1.802576 0.668569
0.290504 0.055891
1.992255 0.985143
0.166365 1.519910
1.824544 1.409523
1.232848 0.162839
0.909421 0.595045
1.032605 0.069475
0.769874 1.009631
1.599827 0.679301
1.114660 1.165697
1.841767 0.259918
1.989280 0.342779
0.176996 1.412738
1.178175 1.614273
1.351387 1.869234
1.131155 1.273453
0.598333 1.707191
0.508196 1.911679
1.488408 0.047933
1.088769 1.444835
0.155464 0.740458
0.796309 1.130993
1.237165 0.702023
0.667153 1.378004
1.646070 0.166828
1.653591 1.228413
1.427110 0.788525
0.781818 1.398071
1.432885 0.548387
0.715974 0.904076
0.897059 1.036020
0.972027 1.022035
